50 50 8 100 10 500
40 7 1 47 70 180
14 8 47 6 173 302
34 5 37 27 8 36
5 13 14 32 154 185
35 12 45 41 179 287
26 14 28 37 71 199
0 48 10 44 108 165
17 9 13 48 86 142
5 24 6 22 216 263
38 16 2 46 117 251
7 24 5 35 75 194
40 39 23 36 49 159
4 2 42 14 197 284
5 14 6 24 71 140
40 23 10 23 90 146
42 17 44 43 165 202
38 40 10 34 186 251
10 29 24 17 236 343
44 35 14 43 83 228
49 49 3 14 210 295
20 25 17 4 54 194
36 45 20 13 167 278
25 41 29 9 67 120
15 47 35 34 67 195
37 27 37 25 92 122
8 32 31 5 193 249
7 9 40 10 202 323
27 38 4 24 97 210
29 33 16 35 220 355
0 43 46 7 174 369
34 48 17 49 164 225
7 18 27 10 116 144
46 46 16 32 195 261
32 6 40 19 215 317
32 38 12 9 95 241
10 34 49 33 235 275
38 20 31 1 28 172
23 19 15 3 61 197
36 5 5 46 124 300
4 48 34 49 32 79
42 30 35 10 67 161
38 27 13 34 193 318
44 12 45 19 102 195
41 23 28 33 115 153
15 14 4 21 5 98
35 14 37 14 1 12
45 40 3 14 17 200
2 21 4 32 60 108
42 31 13 34 33 157
36 36 30 15 200 287
26 12 6 6 168 249
22 27 26 29 221 320
3 43 41 41 25 72
25 46 21 6 63 131
12 34 28 8 108 173
17 29 15 4 113 243
35 6 3 41 138 312
0 5 48 15 42 152
31 30 13 25 231 261
10 24 0 24 67 195
29 18 27 44 245 366
35 42 45 31 39 84
18 13 3 37 188 296
3 47 20 3 12 147
30 32 33 10 14 161
32 5 11 4 152 182
43 15 25 7 241 380
36 15 37 38 10 113
5 26 42 37 144 258
20 16 13 42 183 256
15 16 25 8 171 271
19 29 20 48 239 268
0 29 39 36 25 80
34 13 32 16 33 157
22 4 15 23 72 118
28 34 45 19 156 313
41 33 0 42 209 329
19 42 6 8 67 128
6 47 35 9 69 172
38 13 45 21 52 154
40 16 32 31 64 202
3 5 40 27 212 306
2 0 21 49 33 182
16 10 47 28 141 280
27 35 0 7 19 194
44 9 34 2 213 277
37 35 9 27 32 73
19 23 2 22 53 158
15 42 6 22 199 299
26 39 47 9 236 406
15 10 11 26 6 48
47 21 26 42 221 357
15 17 10 44 27 107
2 30 14 12 209 356
29 22 19 14 57 78
42 12 25 21 71 207
4 49 17 22 164 269
25 43 34 21 240 274
7 16 11 37 246 396
16 2 6 38 111 201
