200 200 20 400 15 2000
186 80 111 155 523 732
98 147 48 65 45 539
111 0 133 137 703 1230
189 188 171 50 372 748
17 170 84 159 321 738
31 184 76 129 316 757
104 83 103 178 302 681
32 49 107 170 962 1352
173 191 44 157 582 899
103 140 0 77 293 566
110 148 155 167 329 631
113 113 172 54 523 883
188 43 168 21 290 595
169 162 158 85 95 602
192 60 172 79 230 681
50 37 6 11 250 563
156 196 18 116 424 1095
161 147 49 183 713 1057
126 102 62 37 671 1152
1 192 197 27 797 1375
56 45 178 132 475 709
142 63 31 116 136 710
118 170 135 143 609 815
193 113 156 184 913 1279
109 140 114 40 761 1307
121 115 66 192 253 815
163 70 196 199 533 943
160 61 70 112 79 585
73 60 69 85 327 813
138 20 35 38 236 553
177 39 180 54 65 295
104 84 138 119 425 525
52 107 99 197 598 1219
178 5 195 147 389 792
1 90 76 192 399 1012
107 137 191 188 559 1103
154 56 124 56 279 532
124 7 99 86 684 1135
103 185 42 119 941 1133
159 136 6 100 606 1083
169 6 21 164 438 813
118 46 12 66 388 681
54 116 83 86 779 1288
97 71 192 107 258 816
20 120 4 191 552 665
89 57 166 17 799 1406
166 10 193 7 972 1128
51 5 159 39 244 450
121 171 29 144 970 1200
119 179 65 196 377 533
155 155 191 183 117 579
41 79 27 148 26 584
79 147 173 96 406 1033
183 50 19 151 707 1397
160 62 26 178 791 1195
175 153 30 144 801 976
88 136 109 169 379 468
129 165 87 3 869 1288
125 27 110 92 650 1186
117 181 39 111 180 703
133 166 69 157 827 1370
137 198 123 119 446 961
187 151 68 82 872 1185
22 71 115 62 768 1107
145 156 171 97 344 443
126 83 46 124 217 519
66 87 71 152 718 1238
70 142 2 132 970 1145
21 61 184 104 500 990
194 61 176 121 661 1103
125 114 4 23 301 626
103 177 62 78 679 1116
94 121 141 135 352 630
190 140 84 90 719 1107
69 78 64 59 123 516
49 80 30 190 548 1163
195 176 47 49 221 874
123 70 185 150 1000 1531
134 152 72 25 852 1140
75 58 92 45 309 346
181 136 32 70 46 759
13 141 74 178 966 1128
163 192 125 26 893 1103
146 72 120 122 451 701
47 13 64 122 116 662
16 102 125 18 590 1105
175 13 38 38 830 1280
77 21 63 30 571 985
106 155 152 158 231 677
133 97 115 113 304 778
150 109 78 145 635 773
156 189 25 195 212 669
54 67 169 20 160 444
44 141 19 40 2 337
115 176 152 120 298 407
59 73 180 72 719 1281
116 18 175 59 946 1181
160 150 169 50 435 602
139 57 165 38 930 1111
36 18 15 42 811 1013
152 191 145 73 449 637
119 176 77 179 412 939
69 128 138 126 448 560
153 10 110 188 330 860
64 6 23 58 984 1422
147 150 5 195 688 1295
68 147 10 195 774 969
120 132 166 113 938 1145
46 149 111 162 833 1162
23 120 89 104 341 587
171 26 41 84 421 964
126 73 169 102 833 1294
140 9 116 22 322 488
82 29 197 103 885 1337
0 168 138 118 423 638
48 132 92 159 774 1100
160 113 194 13 208 478
140 33 73 112 901 1404
124 31 7 161 623 1279
61 181 40 79 564 694
141 104 23 57 861 1493
29 118 30 165 852 978
127 183 74 130 722 967
106 123 120 62 467 824
37 98 48 153 520 968
34 17 70 197 808 1461
106 87 129 68 840 883
72 185 76 150 593 969
125 38 114 137 495 781
85 141 195 139 386 731
82 48 178 61 585 890
59 198 105 11 325 939
121 180 97 98 679 1190
166 38 126 9 129 455
151 84 25 112 102 525
116 3 184 36 419 965
167 39 19 120 800 1525
67 86 159 177 407 922
20 84 172 136 389 1081
81 160 183 194 499 1081
138 9 158 17 240 591
175 73 58 191 92 549
25 194 162 180 893 1095
113 42 177 76 925 1037
11 83 14 75 367 569
110 37 62 135 421 856
174 46 43 44 80 525
97 158 174 61 509 1150
149 36 59 118 653 955
117 65 170 2 920 1447
119 73 173 139 161 318
113 88 150 76 654 1195
108 176 64 116 865 1123
50 98 123 27 242 581
146 91 147 75 716 884
5 168 101 70 8 491
175 199 190 12 932 1444
190 127 73 198 818 1123
155 90 56 162 194 682
64 173 193 184 785 1262
174 35 160 24 925 1271
165 10 79 112 34 518
93 187 33 23 931 1306
83 191 106 44 205 442
138 93 135 128 935 1112
42 65 123 75 764 1300
86 29 119 19 144 573
57 173 185 172 406 1030
142 93 23 101 14 276
137 31 116 94 688 1155
172 67 149 97 842 1221
95 27 172 59 482 603
158 143 83 156 226 645
16 162 118 179 309 760
104 29 35 11 968 1074
77 126 29 24 240 844
137 34 99 116 379 842
190 178 138 107 601 1104
186 39 106 167 101 735
125 157 104 71 33 493
94 55 113 113 973 1170
92 25 175 94 557 1170
165 91 15 101 282 539
31 116 23 169 217 606
163 152 5 12 805 1273
62 32 144 52 70 596
195 141 53 150 221 788
59 84 198 37 807 1454
152 0 70 37 133 528
64 44 28 169 887 1061
33 3 91 60 602 882
4 44 67 13 129 602
107 134 29 190 65 442
114 199 92 131 607 752
115 128 56 157 44 504
168 133 77 117 658 1258
7 15 122 102 436 989
27 125 182 113 75 702
20 82 155 37 67 311
70 159 162 149 561 1027
83 97 152 135 301 640
129 154 110 25 812 1319
29 167 166 196 564 1099
55 110 115 58 423 708
116 102 106 186 97 351
109 80 170 65 383 947
39 175 121 17 93 758
21 23 110 24 762 1230
95 33 142 15 600 1154
143 143 84 171 125 422
90 170 192 108 888 1520
184 13 73 153 319 750
26 147 129 54 158 690
123 57 27 89 865 1277
94 29 195 71 587 845
109 143 196 159 628 1076
164 142 6 155 951 1458
177 68 7 46 279 830
195 79 86 89 6 217
36 144 168 102 71 317
189 162 7 23 764 1356
55 96 107 116 349 501
94 79 184 83 795 1371
145 152 21 13 159 502
193 158 12 172 83 417
113 169 108 124 621 897
106 69 55 193 524 757
88 110 28 72 694 1139
151 124 134 170 315 401
56 101 153 14 7 295
77 54 196 35 782 1050
74 83 30 1 509 1017
110 44 33 97 545 1035
58 128 143 171 825 1134
18 101 189 10 446 717
117 19 80 147 439 897
103 181 163 106 296 489
103 5 83 43 820 1363
158 117 176 92 90 356
27 62 111 150 410 850
20 101 79 190 347 608
85 199 43 19 522 1068
29 135 130 49 927 1511
89 89 186 165 834 1082
60 26 37 65 202 352
154 39 194 194 671 904
45 197 160 126 475 1047
144 194 148 114 697 1254
144 164 162 159 330 795
160 80 38 112 69 463
113 161 77 70 605 760
90 129 18 79 472 825
9 14 94 73 78 552
23 157 152 129 393 786
148 141 189 10 460 1097
146 166 48 82 619 1044
128 38 15 115 105 710
87 182 21 129 661 868
10 63 181 112 449 937
133 156 40 93 381 1006
72 99 104 198 346 824
153 13 161 165 342 535
84 24 142 173 395 747
64 185 168 154 894 1105
85 20 149 169 144 826
89 79 167 178 678 1055
33 152 181 21 317 882
96 164 84 32 686 1189
189 175 134 23 661 1211
108 130 92 4 371 671
46 54 87 196 497 778
57 35 39 19 302 768
25 129 197 138 855 1414
134 9 169 86 897 1401
158 33 152 96 157 309
46 177 197 159 828 1459
42 184 112 11 420 849
173 184 60 113 625 954
192 191 114 59 546 878
79 120 49 94 694 1234
146 112 118 196 288 798
97 128 135 107 989 1130
51 154 35 64 53 487
123 95 141 26 728 1248
132 31 72 21 781 933
69 115 131 37 850 1213
23 56 115 89 952 1090
106 13 101 128 382 622
98 20 95 57 28 231
25 182 166 85 810 1122
35 9 73 120 712 1286
35 194 180 120 459 993
1 20 4 65 220 695
38 140 186 155 540 919
28 198 73 60 308 553
12 61 107 163 812 1327
117 16 28 127 611 1085
4 161 131 147 247 755
36 74 109 0 629 956
61 146 106 47 680 1166
21 134 92 17 976 1433
139 129 129 141 20 241
120 11 162 99 382 641
191 4 91 17 353 589
187 168 160 26 790 1256
188 193 85 34 45 487
139 86 164 44 850 1315
175 118 178 122 646 746
34 16 183 198 966 1531
9 75 51 11 810 1018
10 80 79 131 407 944
139 121 64 9 771 1289
48 73 91 199 48 660
167 84 69 31 818 1157
111 102 190 112 916 1494
98 86 47 127 708 1054
94 132 68 21 744 1098
20 110 154 46 558 906
82 26 20 83 676 946
78 114 154 183 436 666
176 113 89 114 43 503
90 157 111 70 654 1167
14 19 171 163 415 902
131 191 173 40 975 1183
36 155 173 112 35 279
17 60 199 165 375 847
98 145 8 154 157 603
115 94 95 113 781 859
146 35 135 93 407 636
166 71 63 29 26 547
47 127 132 99 935 1335
30 67 198 66 720 1117
54 156 73 177 938 1229
51 31 34 18 462 580
182 113 22 174 990 1643
81 170 88 181 66 365
138 74 76 40 728 1187
179 163 44 92 520 840
31 51 35 60 809 1074
6 92 141 146 377 805
141 33 156 22 67 251
101 183 184 122 538 892
196 104 147 18 128 760
81 164 18 115 477 937
132 88 32 199 564 1102
150 46 196 33 443 759
14 31 132 39 311 521
41 82 181 57 354 1004
132 72 20 64 201 646
141 70 32 160 310 823
136 23 128 164 172 624
148 39 43 168 639 1241
154 86 144 10 845 1373
7 20 11 164 789 1232
67 166 53 196 585 842
158 163 7 127 910 1418
139 74 164 77 494 647
175 103 76 116 74 538
15 40 112 106 495 895
52 87 155 36 320 915
183 81 187 88 998 1213
33 194 94 131 575 753
81 61 119 31 273 571
63 36 24 12 297 844
98 157 107 63 985 1531
40 83 147 184 320 625
195 40 127 131 478 892
78 127 5 23 967 1345
129 117 61 55 597 907
12 12 72 126 611 1236
167 172 120 73 549 699
27 110 34 67 744 981
195 103 93 11 410 630
145 143 49 92 566 860
18 98 129 115 782 1191
71 159 174 156 121 292
24 100 95 86 571 1136
93 193 36 50 616 1076
102 128 10 11 39 318
182 85 121 132 467 651
155 131 35 83 953 1434
81 41 100 157 757 1323
76 151 86 129 848 1140
136 125 181 144 306 613
4 94 84 172 112 483
149 78 185 176 644 791
152 121 67 167 801 1429
198 148 147 58 738 905
149 122 43 134 644 1131
158 198 97 37 841 1411
62 8 146 179 112 464
4 112 80 107 155 447
176 52 105 128 793 1253
120 188 186 15 722 1031
132 53 143 83 678 963
134 96 80 44 470 1043
136 87 139 90 692 1093
184 174 164 177 270 605
123 49 63 71 571 805
57 76 197 73 721 970
